   0.0000000000000000        0.0000000000000000     
  0.10000000149011612        4.8770576208007177E-002
  0.20000000298023224        9.5162583312353277E-002
  0.30000000447034836       0.13929202549877440     
  0.40000000596046448       0.18126924936202593     
  0.50000000745058060       0.22119921982985413     
  0.60000000894069672       0.25918178262999769     
  0.70000001043081284       0.29531191395652134     
  0.80000001192092896       0.32967995795977956     
  0.90000001341104507       0.36237185265385663     
   1.0000000149011612       0.39346934480637208     
   1.1000000163912773       0.42305019434798541     
   1.2000000178813934       0.45118836881273194     
   1.3000000193715096       0.47795422829539125     
   1.4000000208616257       0.50341470138837874     
   1.5000000223517418       0.52763345253809280     
   1.6000000238418579       0.55067104123919708     
   1.7000000253319740       0.57258507346490528     
   1.8000000268220901       0.59343034571192488     
   1.9000000283122063       0.61325898202024454     
   2.0000000298023224       0.63212056431038843     
   2.1000000312924385       0.65006225636404735     
   2.2000000327825546       0.66712892175810268     
   2.3000000342726707       0.68336323604694060     
   2.4000000357627869       0.69880579347357008     
   2.5000000372529030       0.71349520847637748     
   2.6000000387430191       0.72746821224533953     
   2.7000000402331352       0.74075974456913274     
   2.8000000417232513       0.75340304120280699     
   2.9000000432133675       0.76542971697448836     
   3.0000000447034836       0.77686984483891786     
   3.1000000461935997       0.78775203107550584     
   3.2000000476837158       0.79810348681893262     
   3.3000000491738319       0.80795009610116075     
   3.4000000506639481       0.81731648057499962     
   3.5000000521540642       0.82622606108106345     
   3.6000000536441803       0.83470111621207510     
   3.7000000551342964       0.84276283802095264     
   3.8000000566244125       0.85043138501198245     
   3.9000000581145287       0.85772593254758167     
   4.0000000596046448       0.86466472079669299     
   4.1000000610947609       0.87126510034470983     
   4.2000000625848770       0.87754357557897822     
   4.3000000640749931       0.88351584595836374     
   4.4000000655651093       0.88919684527007670     
   4.5000000670552254       0.89460077897192003     
   4.6000000685453415       0.89974115971333457     
   4.7000000700354576       0.90463084112406178     
   4.8000000715255737       0.90928204995491424     
   4.9000000730156898       0.91370641665102226     
   5.0000000745058060       0.91791500443400564     
   5.1000000759959221       0.92191833696579084     
   5.2000000774860382       0.92572642466324873     
   5.3000000789761543       0.92934878972945090     
   5.4000000804662704       0.93279448996413872     
   5.5000000819563866       0.93607214141294059     
   5.6000000834465027       0.93918993991197552     
   5.7000000849366188       0.94215568158171203     
   5.8000000864267349       0.94497678232133131     
   5.9000000879168510       0.94766029635233862     
   6.0000000894069672       0.95021293385779138     
   6.1000000908970833       0.95264107776125306     
   6.2000000923871994       0.95495079968742691     
   6.3000000938773155       0.95714787514438104     
   6.4000000953674316       0.95923779796532704     
   6.5000000968575478       0.96122579404606534     
   6.6000000983476639       0.96311683441244667     
   6.7000000998377800       0.96491564765052695     
   6.8000001013278961       0.96662673173049551     
   6.9000001028180122       0.96825436525394359     
   7.0000001043081284       0.96980261815259772     
   7.1000001057982445       0.97127536186526875     
   7.2000001072883606       0.97267627901846609     
   7.3000001087784767       0.97400887263488234     
   7.4000001102685928       0.97527647489277480     
   7.5000001117587090       0.97648225545814726     
   7.6000001132488251       0.97762922941056618     
   7.7000001147389412       0.97872026478243002     
   7.8000001162290573       0.97975808973054468     
   7.9000001177191734       0.98074529935793686     
   8.0000001192092896       0.98168436220296296     
   8.1000001206994057       0.98257762641194157     
   8.2000001221895218       0.98342732561074231     
   8.3000001236796379       0.98423558449001414     
   8.4000001251697540       0.98500442411801858     
   8.5000001266598701       0.98573576699435372     
   8.6000001281499863       0.98643144185720433     
   8.7000001296401024       0.98709318825614034     
   8.8000001311302185       0.98772266090189664     
   8.9000001326203346       0.98832143380401227     
   9.0000001341104507       0.98889100420667397     
   9.1000001356005669       0.98943279633260672     
   9.2000001370906830       0.98994816494437288     
   9.3000001385807991       0.99043839873198369     
   9.4000001400709152       0.99090472353529602     
   9.5000001415610313       0.99134830540925079     
   9.6000001430511475       0.99177025353961734     
   9.7000001445412636       0.99217162301653605     
   9.8000001460313797       0.99255341747279302     
   9.9000001475214958       0.99291659159342538     
   10.000000149011612       0.99326205350293073     
   10.100000150501728       0.99359066703605148     
   10.200000151991844       0.99390325389781220     
   10.300000153481960       0.99420059571820985     
   10.400000154972076       0.99448343600669598     
   10.500000156462193       0.99475248201133770     
   10.600000157952309       0.99500840648730671     
   10.700000159442425       0.99525184937911682     
   10.800000160932541       0.99548341942081975     
   10.900000162422657       0.99570369565815631     
   11.000000163912773       0.99591322889647294     
   11.100000165402889       0.99611254307802222     
   11.200000166893005       0.99630213659209088     
   11.300000168383121       0.99648248352123303     
   11.400000169873238       0.99665403482672366     
   11.500000171363354       0.99681721947619628     
   11.600000172853470       0.99697244551628583     
   11.700000174343586       0.99712010109295768     
   11.800000175833702       0.99726055542207503     
   11.900000177323818       0.99739415971263023     
   12.000000178813934       0.99752124804495135     
   12.100000180304050       0.99764213820607583     
   12.200000181794167       0.99775713248438436     
   12.300000183284283       0.99786651842547913     
   12.400000184774399       0.99797056955119767     
   12.500000186264515       0.99806954604355980     
   12.600000187754631       0.99816369539535843     
   12.700000189244747       0.99825325302902024     
   12.800000190734863       0.99833844288528450     
   12.900000192224979       0.99841947798317165     
   13.000000193715096       0.99849656095264183     
   13.100000195205212       0.99856988454127515     
   13.200000196695328       0.99863963209624107     
   13.300000198185444       0.99870597802276229     
   13.400000199675560       0.99876908822021804     
   13.500000201165676       0.99882912049697925     
   13.600000202655792       0.99888622496501167     
   13.700000204145908       0.99894054441523417     
   13.800000205636024       0.99899221467457000     
   13.900000207126141       0.99904136494558515     
   14.000000208616257       0.99908811812956222     
   14.100000210106373       0.99913259113381703     
   14.200000211596489       0.99917489516402880     
   14.300000213086605       0.99921513600231104     
   14.400000214576721       0.99925341427172332     
   14.500000216066837       0.99928982568788005     
   14.600000217556953       0.99932446129829022     
   14.700000219047070       0.99935740771002346     
   14.800000220537186       0.99938874730627236     
   14.900000222027302       0.99941855845235417     
   15.000000223517418       0.99944691569166411     
   15.100000225007534       0.99947388993207331     
   15.200000226497650       0.99949954862323487     
   15.300000227987766       0.99952395592524390     
   15.400000229477882       0.99954717286907013     
   15.500000230967999       0.99956925750916814     
   15.600000232458115       0.99959026506864335     
   15.700000233948231       0.99961024807733811     
   15.800000235438347       0.99962925650318457     
   15.900000236928463       0.99964733787714954     
   16.000000238418579       0.99966453741208772     
   16.100000239908695       0.99968089811579641     
   16.200000241398811       0.99969646089855813     
   16.300000242888927       0.99971126467543714     
   16.400000244379044       0.99972534646358768     
   16.500000245869160       0.99973874147481601     
   16.600000247359276       0.99975148320362850     
   16.700000248849392       0.99976360351098492     
   16.800000250339508       0.99977513270396778     
   16.900000251829624       0.99978609961156562     
   17.000000253319740       0.99979653165676063     
   17.100000254809856       0.99980645492510045     
   17.200000256299973       0.99981589422992556     
   17.300000257790089       0.99982487317441537     
   17.400000259280205       0.99983341421060856     
   17.500000260770321       0.99984153869554526     
   17.600000262260437       0.99984926694467013     
   17.700000263750553       0.99985661828263217     
   17.800000265240669       0.99986361109160593     
   17.900000266730785       0.99987026285725666     
   18.000000268220901       0.99987659021246389     
   18.100000269711018       0.99988260897891168     
   18.200000271201134       0.99988833420665180     
   18.300000272691250       0.99989378021173614     
   18.400000274181366       0.99989896061201444     
   18.500000275671482       0.99990388836118627     
   18.600000277161598       0.99990857578119152     
   18.700000278651714       0.99991303459302217     
   18.800000280141830       0.99991727594603064     
   18.900000281631947       0.99992131044580890     
   19.000000283122063       0.99992514818070843     
   19.100000284612179       0.99992879874706542     
   19.200000286102295       0.99993227127319784     
   19.300000287592411       0.99993557444222980     
   19.400000289082527       0.99993871651380473     
   19.500000290572643       0.99994170534473859     
   19.600000292062759       0.99994454840866553     
   19.700000293552876       0.99994725281472652     
   19.800000295042992       0.99994982532534571     
   19.900000296533108       0.99995227237313966     
