  -4.61999130       1.22748482       1.22748482    
  -4.60999107       1.22748482       1.22748482    
  -4.51998901       1.30358517       1.30358517    
  -4.50998878       1.30358517       1.30358517    
  -4.47998810       1.25866508       1.25866508    
  -4.46998787       1.25866508       1.25866508    
  -4.45998764       1.35769546       1.35769546    
  -4.44998741       1.35769546       1.35769546    
  -4.42998695       1.48427558       1.48427558    
  -4.41998672       1.48427558       1.48427558    
  -4.36998558       1.30262268       1.30262268    
  -4.35998535       1.30262268       1.30262268    
  -4.33998489       1.83324718       1.81815302    
  -4.32998466       1.63360453       1.59794855    
  -4.31998444       1.23431921       1.23431921    
  -4.28998375       1.38808596       1.38808596    
  -4.27998352       1.38808596       1.38808596    
  -4.23998260       1.23615122       1.23615122    
  -4.22998238       1.23615122       1.23615122    
  -4.19998169       1.53112900       1.53112900    
  -4.18998146       1.56387556       1.56338990    
  -4.17998123       1.58024883       1.57977438    
  -4.16998100       2.19277596       2.04079199    
  -4.15998077       2.19277596       2.04079199    
  -4.14998055       1.39933836       1.39026427    
  -4.13998032       1.39933836       1.39026427    
  -4.12998009       1.40927839       1.40203357    
  -4.11997986       1.43828154       1.43277276    
  -4.10997963       1.49628782       1.49628782    
  -4.09997940       1.60587788       1.58853519    
  -4.08997917       1.81589425       1.78026140    
  -4.07997894       1.60686672       1.56889737    
  -4.06997871       1.36798644       1.36479378    
  -4.05997849       1.64260232       1.62083220    
  -4.04997826       1.71390605       1.69602656    
  -4.03997803       1.66678190       1.64730096    
  -4.02997780       1.61059451       1.60497665    
  -4.01997757       1.63593161       1.62811387    
  -4.00997734       1.58435655       1.57780170    
  -3.99997735       1.46964490       1.46559620    
  -3.98997736       1.33682632       1.33682632    
  -3.97997737       1.54640102       1.52206302    
  -3.96997738       1.67218828       1.64940023    
  -3.95997739       1.73508179       1.71700990    
  -3.94997740       1.68375862       1.65350378    
  -3.93997741       1.63923442       1.61001706    
  -3.92997742       1.37414980       1.37414825    
  -3.91997743       1.57675362       1.57001317    
  -3.90997744       1.61809838       1.61619353    
  -3.89997745       1.55917168       1.55766571    
  -3.88997746       2.18909717       2.15739679    
  -3.87997746       2.28755736       2.25014615    
  -3.86997747       2.11109877       2.01933122    
  -3.85997748       1.41581297       1.39935124    
  -3.84997749       1.58922422       1.56407845    
  -3.83997750       1.68691456       1.66481018    
  -3.82997751       1.63757896       1.60064328    
  -3.81997752       1.73803473       1.67753983    
  -3.80997753       1.96935666       1.90232122    
  -3.79997754       1.94803369       1.90468967    
  -3.78997755       1.88746023       1.86997175    
  -3.77997756       1.82749367       1.78170955    
  -3.76997757       1.75152647       1.70808637    
  -3.75997758       1.70060956       1.68795788    
  -3.74997759       1.66409183       1.65098131    
  -3.73997760       1.76919889       1.74427807    
  -3.72997761       2.01017451       1.96832347    
  -3.71997762       1.89078891       1.82794452    
  -3.70997763       2.04966235       1.95620120    
  -3.69997764       1.92005718       1.83074450    
  -3.68997765       1.87738478       1.77009130    
  -3.67997766       2.18687749       2.06203628    
  -3.66997766       2.02550387       1.93927884    
  -3.65997767       1.72164226       1.66692913    
  -3.64997768       1.74405074       1.69218957    
  -3.63997769       1.88390255       1.84160864    
  -3.62997770       1.92192602       1.86641073    
  -3.61997771       2.08518338       1.98811996    
  -3.60997772       2.03416872       1.94555092    
  -3.59997773       1.99296224       1.90274775    
  -3.58997774       2.04401231       1.94406044    
  -3.57997775       2.13376713       2.04258370    
  -3.56997776       2.19971776       2.11012173    
  -3.55997777       1.98315525       1.91341555    
  -3.54997778       1.96988213       1.89039898    
  -3.53997779       1.92144179       1.82651854    
  -3.52997780       1.63953221       1.59541667    
  -3.51997781       2.21637106       2.12902069    
  -3.50997782       2.18695331       2.09926510    
  -3.49997783       1.94597745       1.86695182    
  -3.48997784       2.08919573       1.98790205    
  -3.47997785       2.18777919       2.08872223    
  -3.46997786       2.19285131       2.09892225    
  -3.45997787       2.09216547       2.01063180    
  -3.44997787       1.93050933       1.87189198    
  -3.43997788       1.96166503       1.89439321    
  -3.42997789       2.04441142       1.94864416    
  -3.41997790       2.17588520       2.05515242    
  -3.40997791       2.13443232       2.02659154    
  -3.39997792       2.12209153       2.02290463    
  -3.38997793       2.20485973       2.12237024    
  -3.37997794       2.13624120       2.05332828    
  -3.36997795       2.21719670       2.11346269    
  -3.35997796       2.21798277       2.11375546    
  -3.34997797       2.17182016       2.07887483    
  -3.33997798       2.45230699       2.31540060    
  -3.32997799       2.49581861       2.35959435    
  -3.31997800       2.36217260       2.22997427    
  -3.30997801       2.41626120       2.26634550    
  -3.29997802       2.35220194       2.23437023    
  -3.28997803       2.09248829       2.01715493    
  -3.27997804       2.06315804       1.99629152    
  -3.26997805       2.32387638       2.21526861    
  -3.25997806       2.44067407       2.31624460    
  -3.24997807       2.32628107       2.21142149    
  -3.23997808       2.36661243       2.23677921    
  -3.22997808       2.42718887       2.30836391    
  -3.21997809       2.36491299       2.25739574    
  -3.20997810       2.34556723       2.23806405    
  -3.19997811       2.35858345       2.26973462    
  -3.18997812       2.44951844       2.33432555    
  -3.17997813       2.43433404       2.31552911    
  -3.16997814       2.40477920       2.28894377    
  -3.15997815       2.39683485       2.27117419    
  -3.14997816       2.43142700       2.30753660    
  -3.13997817       2.42848682       2.29771757    
  -3.12997818       2.29684639       2.19572210    
  -3.11997819       2.17063880       2.08348012    
  -3.10997820       2.30873179       2.18397379    
  -3.09997821       2.44514179       2.31749988    
  -3.08997822       2.55227685       2.42983270    
  -3.07997823       2.64210725       2.52432966    
  -3.06997824       2.53087664       2.41176200    
  -3.05997825       2.57244706       2.43610454    
  -3.04997826       2.55963850       2.44197345    
  -3.03997827       2.68534803       2.55216908    
  -3.02997828       2.72717786       2.57206154    
  -3.01997828       2.57740140       2.46997237    
  -3.00997829       2.68927479       2.55437636    
  -2.99997830       2.63784933       2.49830675    
  -2.98997831       2.52053690       2.40904474    
  -2.97997832       2.58878183       2.46525764    
  -2.96997833       2.64334822       2.50205827    
  -2.95997834       2.65026140       2.51054120    
  -2.94997835       2.64307785       2.52290463    
  -2.93997836       2.67933774       2.54979873    
  -2.92997837       2.75236320       2.59213758    
  -2.91997838       2.72119832       2.57306600    
  -2.90997839       2.67577815       2.54034090    
  -2.89997840       2.71633577       2.57767558    
  -2.88997841       2.71503806       2.57001185    
  -2.87997842       2.77373481       2.59003258    
  -2.86997843       2.78689671       2.62893248    
  -2.85997844       2.84908319       2.69349599    
  -2.84997845       2.90872622       2.72825217    
  -2.83997846       2.92953277       2.76090741    
  -2.82997847       3.02157879       2.84890580    
  -2.81997848       3.05527210       2.84807253    
  -2.80997849       3.02402472       2.82587647    
  -2.79997849       2.95666790       2.76327944    
  -2.78997850       3.02343249       2.82292652    
  -2.77997851       3.14112186       2.94577432    
  -2.76997852       3.06354260       2.86659694    
  -2.75997853       3.00355816       2.81059051    
  -2.74997854       3.02945995       2.84831119    
  -2.73997855       3.10490489       2.91720510    
  -2.72997856       3.27644539       3.04087543    
  -2.71997857       3.25019884       3.01320839    
  -2.70997858       3.24852085       3.00491714    
  -2.69997859       3.22800136       3.00334215    
  -2.68997860       3.20825624       2.97549510    
  -2.67997861       3.30299687       3.06699634    
  -2.66997862       3.25362611       3.04404044    
  -2.65997863       3.20694494       2.97825241    
  -2.64997864       3.27869081       3.05736256    
  -2.63997865       3.29042196       3.10303521    
  -2.62997866       3.25387025       3.07203174    
  -2.61997867       3.30111122       3.11673832    
  -2.60997868       3.42649627       3.20152307    
  -2.59997869       3.48609138       3.21599889    
  -2.58997869       3.38517356       3.13383460    
  -2.57997870       3.35752892       3.14175582    
  -2.56997871       3.44668365       3.25605202    
  -2.55997872       3.49939251       3.28801441    
  -2.54997873       3.52539253       3.27566981    
  -2.53997874       3.58235431       3.33491492    
  -2.52997875       3.57441950       3.34413695    
  -2.51997876       3.42237663       3.21074939    
  -2.50997877       3.52891397       3.25848579    
  -2.49997878       3.59637284       3.30673075    
  -2.48997879       3.66028571       3.40847850    
  -2.47997880       3.65671086       3.42498016    
  -2.46997881       3.55938077       3.33797264    
  -2.45997882       3.69434214       3.43325257    
  -2.44997883       3.70398092       3.45277596    
  -2.43997884       3.75302744       3.50666595    
  -2.42997885       3.91295815       3.61651206    
  -2.41997886       3.85201144       3.55570936    
  -2.40997887       3.81223631       3.54634142    
  -2.39997888       3.91903591       3.64014673    
  -2.38997889       3.92254400       3.64354396    
  -2.37997890       4.04325390       3.74906015    
  -2.36997890       4.01295805       3.70570827    
  -2.35997891       3.87214208       3.57244587    
  -2.34997892       3.95265841       3.63985133    
  -2.33997893       3.91318965       3.62895846    
  -2.32997894       3.92591357       3.65019202    
  -2.31997895       4.08704662       3.80932736    
  -2.30997896       4.15863419       3.87525201    
  -2.29997897       4.18949080       3.87532449    
  -2.28997898       4.30025816       3.97943187    
  -2.27997899       4.18717718       3.88862157    
  -2.26997900       4.19213104       3.86843109    
  -2.25997901       4.22974682       3.88497519    
  -2.24997902       4.25253439       3.90777183    
  -2.23997903       4.30097342       3.94577312    
  -2.22997904       4.27466774       3.96151066    
  -2.21997905       4.43172026       4.13320160    
  -2.20997906       4.40079546       4.06646156    
  -2.19997907       4.30115986       3.97869229    
  -2.18997908       4.35884857       4.07767868    
  -2.17997909       4.53551340       4.24169016    
  -2.16997910       4.55925035       4.22517824    
  -2.15997910       4.42075586       4.09226084    
  -2.14997911       4.46120882       4.12677813    
  -2.13997912       4.58866072       4.22308588    
  -2.12997913       4.63519478       4.26853228    
  -2.11997914       4.69326973       4.28822517    
  -2.10997915       4.88134670       4.46705723    
  -2.09997916       4.84436035       4.46426201    
  -2.08997917       4.99385452       4.55254555    
  -2.07997918       5.04410553       4.60752583    
  -2.06997919       4.83372116       4.46865225    
  -2.05997920       4.93249321       4.56848192    
  -2.04997921       5.02302933       4.64888620    
  -2.03997922       4.93999815       4.51706171    
  -2.02997923       4.98124170       4.53003120    
  -2.01997924       5.19993162       4.74247074    
  -2.00997925       5.19129038       4.75391865    
  -1.99997926       5.12943077       4.74580336    
  -1.98997927       5.01101494       4.62172794    
  -1.97997928       5.02692747       4.60240555    
  -1.96997929       5.07853460       4.66863537    
  -1.95997930       5.11337137       4.72298288    
  -1.94997931       5.23129845       4.80485725    
  -1.93997931       5.30566025       4.85524321    
  -1.92997932       5.40503883       4.91837406    
  -1.91997933       5.38428402       4.88393545    
  -1.90997934       5.22443151       4.75205183    
  -1.89997935       5.23858023       4.78452301    
  -1.88997936       5.32448101       4.89725685    
  -1.87997937       5.40271521       4.95174026    
  -1.86997938       5.42158270       4.97980118    
  -1.85997939       5.38554621       4.95208597    
  -1.84997940       5.54166079       5.07601309    
  -1.83997941       5.92073393       5.35387611    
  -1.82997942       6.05519533       5.48793268    
  -1.81997943       5.96627951       5.47753000    
  -1.80997944       5.94851923       5.41698503    
  -1.79997945       5.99423790       5.42745352    
  -1.78997946       5.88701868       5.40109730    
  -1.77997947       5.94850826       5.50008678    
  -1.76997948       6.27824354       5.73812819    
  -1.75997949       6.18982697       5.61012220    
  -1.74997950       5.92477894       5.41242218    
  -1.73997951       6.18122387       5.64726591    
  -1.72997952       6.25663376       5.69982910    
  -1.71997952       6.09379387       5.50675249    
  -1.70997953       6.41646767       5.81249714    
  -1.69997954       6.54807520       6.03320503    
  -1.68997955       6.32703352       5.81599426    
  -1.67997956       6.44967175       5.87448454    
  -1.66997957       6.57528114       5.99016714    
  -1.65997958       6.52991819       6.00489521    
  -1.64997959       6.73417521       6.17798615    
  -1.63997960       6.82715988       6.16191530    
  -1.62997961       6.71338797       6.01639462    
  -1.61997962       6.77437544       6.10221052    
  -1.60997963       6.89104748       6.26389933    
  -1.59997964       6.93794966       6.34737015    
  -1.58997965       6.94200325       6.39577389    
  -1.57997966       6.91101122       6.31879091    
  -1.56997967       7.19722986       6.49363947    
  -1.55997968       7.13327074       6.42188644    
  -1.54997969       7.19965363       6.42629433    
  -1.53997970       7.21721268       6.51393604    
  -1.52997971       7.02407169       6.43363047    
  -1.51997972       7.08550262       6.45580053    
  -1.50997972       7.18128633       6.56242037    
  -1.49997973       7.39739990       6.72110510    
  -1.48997974       7.49264479       6.75665665    
  -1.47997975       7.50630522       6.78566980    
  -1.46997976       7.46777534       6.78137207    
  -1.45997977       7.52771997       6.85276175    
  -1.44997978       7.44770479       6.78648949    
  -1.43997979       7.45592451       6.74523544    
  -1.42997980       7.78231430       7.03507710    
  -1.41997981       7.48826647       6.77595139    
  -1.40997982       7.34505892       6.65388250    
  -1.39997983       7.69284391       7.02849436    
  -1.38997984       8.00808811       7.27439547    
  -1.37997985       8.20881271       7.45923090    
  -1.36997986       7.83050299       7.11625671    
  -1.35997987       8.00280476       7.28084040    
  -1.34997988       8.21845722       7.53036690    
  -1.33997989       7.92703772       7.23518467    
  -1.32997990       7.94136810       7.17307758    
  -1.31997991       8.56520748       7.72423315    
  -1.30997992       8.71768951       7.93806696    
  -1.29997993       8.36995125       7.61339808    
  -1.28997993       8.42611217       7.65079355    
  -1.27997994       8.12306595       7.41801834    
  -1.26997995       7.68588829       7.09401131    
  -1.25997996       8.19862747       7.50891256    
  -1.24997997       8.62118912       7.82826328    
  -1.23997998       8.55874729       7.74725056    
  -1.22997999       8.42763424       7.61842251    
  -1.21998000       8.52341938       7.71027374    
  -1.20998001       8.72467232       7.88796473    
  -1.19998002       8.80969620       7.92709208    
  -1.18998003       9.00166321       8.18068886    
  -1.17998004       9.15772152       8.37318325    
  -1.16998005       8.90442276       8.04366016    
  -1.15998006       8.91330338       8.07654762    
  -1.14998007       8.93601227       8.16967678    
  -1.13998008       8.55385876       7.83805513    
  -1.12998009       8.71089268       7.94141960    
  -1.11998010       9.11575317       8.29981422    
  -1.10998011       9.24294472       8.45593166    
  -1.09998012       9.35201263       8.49941635    
  -1.08998013       9.26862907       8.31805515    
  -1.07998013       9.18078899       8.36627293    
  -1.06998014       9.20978642       8.53926563    
  -1.05998015       9.17957592       8.37902641    
  -1.04998016       9.16634750       8.22943783    
  -1.03998017       9.46386242       8.47242451    
  -1.02998018       9.79456711       8.78876591    
  -1.01998019       9.54293251       8.62769032    
  -1.00998020       9.60279846       8.77740955    
 -0.999980211       9.97109985       9.13531113    
 -0.989980221       9.94715691       9.10678673    
 -0.979980230       9.78612518       8.94280720    
 -0.969980240       9.81849098       8.84440708    
 -0.959980249       10.0977421       9.08821297    
 -0.949980259       10.0657835       9.17178059    
 -0.939980268       9.74674129       8.89936638    
 -0.929980278       9.84003925       8.95773983    
 -0.919980288       9.91364002       9.01777458    
 -0.909980297       9.80712128       8.96433735    
 -0.899980307       10.2755098       9.32042789    
 -0.889980316       10.5022888       9.41608620    
 -0.879980326       10.4269800       9.33517456    
 -0.869980335       10.1544685       9.18641281    
 -0.859980345       10.2578773       9.24826336    
 -0.849980354       10.3952055       9.40228748    
 -0.839980364       9.86898899       8.97207355    
 -0.829980373       9.89794350       8.96879482    
 -0.819980383       10.4284019       9.43559456    
 -0.809980392       11.1476202       10.0410280    
 -0.799980402       10.8876448       9.78909111    
 -0.789980412       10.5869436       9.54051590    
 -0.779980421       11.0071211       9.97021580    
 -0.769980431       10.9882526       9.89443398    
 -0.759980440       10.7184753       9.61695671    
 -0.749980450       10.6345882       9.52653408    
 -0.739980459       10.8796883       9.84341335    
 -0.729980469       10.9505186       9.93821526    
 -0.719980478       10.7512865       9.76767254    
 -0.709980488       10.9422455       9.88916111    
 -0.699980497       11.5287886       10.3388405    
 -0.689980507       11.7223349       10.5712852    
 -0.679980516       11.6436796       10.4521427    
 -0.669980526       11.6640778       10.4606543    
 -0.659980536       11.7507076       10.5724125    
 -0.649980545       11.5594931       10.4322958    
 -0.639980555       11.0161304       10.0355186    
 -0.629980564       10.8562527       9.81231308    
 -0.619980574       11.1181068       9.97002411    
 -0.609980583       11.5485258       10.4481268    
 -0.599980593       11.7007132       10.6629648    
 -0.589980602       11.5995913       10.6009092    
 -0.579980612       11.6358690       10.5708265    
 -0.569980621       11.6149216       10.5377750    
 -0.559980631       11.6721020       10.5974188    
 -0.549980640       11.2187538       10.2659378    
 -0.539980650       11.5001602       10.4309874    
 -0.529980659       12.3728151       11.1416044    
 -0.519980669       11.9958773       10.8046904    
 -0.509980679       11.9168806       10.7097988    
 -0.499980688       12.1355972       10.8952131    
 -0.489980698       11.9842529       10.9095039    
 -0.479980707       12.0748806       11.0045414    
 -0.469980717       12.4257545       11.2856503    
 -0.459980726       12.0065575       10.9974279    
 -0.449980736       11.8584023       10.8334875    
 -0.439980745       11.9863071       10.9603767    
 -0.429980755       11.6801796       10.6325111    
 -0.419980764       11.6640081       10.5906878    
 -0.409980774       11.6797695       10.6998959    
 -0.399980783       12.2072248       11.1623650    
 -0.389980793       12.6011972       11.4210529    
 -0.379980803       12.1461649       11.0530920    
 -0.369980812       11.9311190       10.9145727    
 -0.359980822       12.0551720       10.9743977    
 -0.349980831       12.2930355       11.0919828    
 -0.339980841       11.8048563       10.7162552    
 -0.329980850       12.0179253       10.9918604    
 -0.319980860       12.3907204       11.2812357    
 -0.309980869       12.2797699       11.2538261    
 -0.299980879       12.7766867       11.6402311    
 -0.289980888       12.9267302       11.7206230    
 -0.279980898       12.6423492       11.5613136    
 -0.269980907       12.5250559       11.4889946    
 -0.259980917       12.4197626       11.2708769    
 -0.249980912       12.6236324       11.4162016    
 -0.239980906       13.2108650       11.9290686    
 -0.229980901       12.9447174       11.5342302    
 -0.219980896       12.6680880       11.4355459    
 -0.209980890       12.8549376       11.6925087    
 -0.199980885       12.4140949       11.3182440    
 -0.189980879       12.0523567       11.1312923    
 -0.179980874       12.4023924       11.3682165    
 -0.169980869       12.7311811       11.5424776    
 -0.159980863       12.8100328       11.6374617    
 -0.149980858       13.1085548       11.8841677    
 -0.139980853       13.3300867       12.0241489    
 -0.129980847       13.4976654       12.1268692    
 -0.119980849       13.5531292       12.2083750    
 -0.109980851       13.0690899       11.9514952    
  -9.99808535E-02   12.7115164       11.6254320    
  -8.99808556E-02   12.7662630       11.3745956    
  -7.99808577E-02   12.8552217       11.5123835    
  -6.99808598E-02   12.6678658       11.5018482    
  -5.99808618E-02   12.9755869       11.7388706    
  -4.99808639E-02   13.2617559       12.1360321    
  -3.99808660E-02   13.3398533       12.1310244    
  -2.99808662E-02   13.2921925       12.0383911    
  -1.99808665E-02   13.3680792       12.0420504    
   1.00191329E-02   13.0036716       11.9608994    
   2.00191326E-02   12.6386356       11.6493378    
   3.00191324E-02   12.6374502       11.3665438    
   4.00191322E-02   13.3130426       11.9293528    
   5.00191301E-02   13.0642700       11.9071407    
   6.00191280E-02   12.7157555       11.5886765    
   7.00191259E-02   12.7615557       11.4638815    
   8.00191239E-02   12.8066483       11.4237900    
   9.00191218E-02   13.3144827       11.9091311    
  0.100019120       13.1208105       11.7517500    
  0.110019118       12.8727436       11.6174240    
  0.120019116       13.5728350       12.3371429    
  0.130019113       13.4413757       12.2126894    
  0.140019119       12.7974730       11.6453753    
  0.150019124       12.6664028       11.5010805    
  0.160019130       12.6280975       11.4393225    
  0.170019135       12.5640402       11.4458675    
  0.180019140       12.7207003       11.5684471    
  0.190019146       13.0971184       11.8163776    
  0.200019151       13.0494480       11.7975082    
  0.210019156       12.7682190       11.6059628    
  0.220019162       12.6986866       11.6396761    
  0.230019167       12.5303068       11.4286089    
  0.240019172       12.9085999       11.7103615    
  0.250019163       13.3088570       12.0935440    
  0.260019153       13.1970453       11.8063545    
  0.270019144       13.0827923       11.7359715    
  0.280019134       13.2333317       11.8981075    
  0.290019125       13.3572016       11.9486752    
  0.300019115       13.3640556       11.9974003    
  0.310019106       12.7167645       11.4123154    
  0.320019096       12.1903286       10.9948769    
  0.330019087       12.6428862       11.3498354    
  0.340019077       12.7914505       11.5408154    
  0.350019068       12.3229256       11.2401047    
  0.360019058       12.4961538       11.4254732    
  0.370019048       12.8303490       11.6779804    
  0.380019039       12.3291979       11.1785307    
  0.390019029       12.4596329       11.2798452    
  0.400019020       12.7994699       11.4387360    
  0.410019010       12.8409214       11.4887619    
  0.420019001       13.0300064       11.7509317    
  0.430018991       12.3835192       11.1447792    
  0.440018982       12.3190622       11.2104139    
  0.450018972       12.5658092       11.5066757    
  0.460018963       12.0302849       11.0165644    
  0.470018953       12.1012487       10.8873606    
  0.480018944       12.4133873       11.1608582    
  0.490018934       12.2196074       11.0841866    
  0.500018954       11.8831511       10.7674360    
  0.510018945       12.1484795       10.9882708    
  0.520018935       12.1492758       10.9901228    
  0.530018926       11.7584267       10.7759981    
  0.540018916       11.6491232       10.6241188    
  0.550018907       11.4304829       10.4152842    
  0.560018897       11.4543667       10.4622622    
  0.570018888       11.4253445       10.4843836    
  0.580018878       11.6492033       10.5421295    
  0.590018868       11.2669067       10.0818968    
  0.600018859       10.9696255       10.0246859    
  0.610018849       11.6895351       10.7259560    
  0.620018840       11.6090374       10.5506487    
  0.630018830       11.0039549       9.88607311    
  0.640018821       11.0742464       9.90546894    
  0.650018811       11.5454531       10.4704151    
  0.660018802       11.3370485       10.3447800    
  0.670018792       10.8173294       9.89403343    
  0.680018783       10.6798038       9.82409191    
  0.690018773       11.2805214       10.3005075    
  0.700018764       11.9821777       10.8216047    
  0.710018754       11.7625360       10.6357384    
  0.720018744       11.4537334       10.4260769    
  0.730018735       11.2860870       10.2561159    
  0.740018725       10.7526875       9.77013969    
  0.750018716       10.6091423       9.63484669    
  0.760018706       10.7620716       9.72852993    
  0.770018697       10.7898941       9.73676300    
  0.780018687       10.9414778       9.87013817    
  0.790018678       10.8670578       9.84554005    
  0.800018668       10.9350729       9.98283672    
  0.810018659       10.9488373       9.84248352    
  0.820018649       10.4788561       9.43888664    
  0.830018640       10.4760742       9.56798458    
  0.840018630       10.4755564       9.48767662    
  0.850018620       10.5857897       9.62591648    
  0.860018611       10.7531652       9.79402637    
  0.870018601       10.0183563       9.08114147    
  0.880018592       9.47439480       8.63567352    
  0.890018582       9.97250080       9.07750034    
  0.900018573       10.3136406       9.43040180    
  0.910018563       10.0990725       9.22677898    
  0.920018554       10.1174784       9.22975159    
  0.930018544       10.1110849       9.19799519    
  0.940018535       9.85814190       8.95197773    
  0.950018525       9.71136951       8.82584286    
  0.960018516       9.84192944       8.95352936    
  0.970018506       9.99662876       9.11111736    
  0.980018497       9.69114685       8.79677391    
  0.990018487       9.60005093       8.68853855    
   1.00001848       9.66385460       8.75095654    
   1.01001847       9.91158390       8.98415756    
   1.02001846       9.89536381       9.02872467    
   1.03001845       9.62046814       8.70132637    
   1.04001844       9.63794041       8.73378372    
   1.05001843       9.08571053       8.35422897    
   1.06001842       8.73314667       7.97345209    
   1.07001841       9.15977192       8.29170513    
   1.08001840       9.29396915       8.40877724    
   1.09001839       9.14079189       8.28663731    
   1.10001838       8.84842014       8.00468731    
   1.11001837       8.54432869       7.77207279    
   1.12001836       8.73175812       8.01253128    
   1.13001835       8.87679577       8.16035557    
   1.14001834       8.45476341       7.71373558    
   1.15001833       8.29193115       7.49275637    
   1.16001832       8.76475525       7.95308208    
   1.17001832       8.66036701       7.95194626    
   1.18001831       8.73037624       7.96978378    
   1.19001830       8.84386158       8.03732395    
   1.20001829       8.85620594       8.06457138    
   1.21001828       9.25620270       8.33435345    
   1.22001827       8.81716919       7.98191977    
   1.23001826       8.14934158       7.43259382    
   1.24001825       8.04954815       7.28460217    
   1.25001824       8.09321976       7.36457062    
   1.26001823       8.15426445       7.50017548    
   1.27001822       8.39413261       7.71474171    
   1.28001821       8.54209614       7.83370209    
   1.29001820       8.23622322       7.58366728    
   1.30001819       7.90513039       7.22001600    
   1.31001818       7.97664452       7.26145315    
   1.32001817       8.10402584       7.37391424    
   1.33001816       7.89947128       7.19515133    
   1.34001815       7.80984354       7.11121941    
   1.35001814       7.86125135       7.19945669    
   1.36001813       7.86898756       7.18672323    
   1.37001812       7.70642376       6.93548250    
   1.38001812       7.54675198       6.84022141    
   1.39001811       7.54964972       6.88339472    
   1.40001810       7.84533310       7.10480070    
   1.41001809       7.99172068       7.22647667    
   1.42001808       7.36432266       6.73637247    
   1.43001807       7.10740185       6.52102613    
   1.44001806       7.54831076       6.85102415    
   1.45001805       7.68256474       6.94177389    
   1.46001804       7.43592501       6.78266716    
   1.47001803       7.14350796       6.59648657    
   1.48001802       7.27371836       6.65231180    
   1.49001801       7.36487627       6.73748016    
   1.50001800       7.18949223       6.59813118    
   1.51001799       7.36032391       6.70567465    
   1.52001798       7.30005550       6.65648603    
   1.53001797       7.10768318       6.52336836    
   1.54001796       7.13114595       6.51946497    
   1.55001795       7.07910824       6.45815134    
   1.56001794       7.08999157       6.47953844    
   1.57001793       6.94169521       6.30647659    
   1.58001792       6.67569542       6.03870153    
   1.59001791       6.72255325       6.08756495    
   1.60001791       6.93203068       6.28121853    
   1.61001790       6.99765635       6.31773281    
   1.62001789       7.01399231       6.31487846    
   1.63001788       6.92964697       6.24049044    
   1.64001787       6.59271812       5.97406244    
   1.65001786       6.46410513       5.87895966    
   1.66001785       6.43594122       5.84684420    
   1.67001784       6.42685986       5.79421139    
   1.68001783       6.45374918       5.78920794    
   1.69001782       6.43616104       5.80482388    
   1.70001781       6.40167856       5.81354380    
   1.71001780       6.49142933       5.91688681    
   1.72001779       6.48626423       5.92848158    
   1.73001778       6.49686527       5.91578722    
   1.74001777       6.50475407       5.87207127    
   1.75001776       6.21126175       5.71248770    
   1.76001775       6.25428343       5.71655035    
   1.77001774       6.13668680       5.47353601    
   1.78001773       5.87768030       5.31729317    
   1.79001772       5.90779972       5.44064999    
   1.80001771       6.14461374       5.63661098    
   1.81001770       6.24702501       5.70296049    
   1.82001770       6.14997768       5.59799385    
   1.83001769       5.89544535       5.38884020    
   1.84001768       5.80992699       5.33965111    
   1.85001767       5.70371056       5.22026205    
   1.86001766       5.54769754       5.09207630    
   1.87001765       5.54728985       5.12365913    
   1.88001764       5.47499609       5.03918123    
   1.89001763       5.55336714       5.05835438    
   1.90001762       5.36506701       4.89476490    
   1.91001761       5.18978596       4.79141235    
   1.92001760       5.36640453       4.95959330    
   1.93001759       5.32268476       4.89150763    
   1.94001758       5.44835520       4.95515203    
   1.95001757       5.50871420       5.00286865    
   1.96001756       5.34153843       4.86422634    
   1.97001755       5.51377439       5.02463007    
   1.98001754       5.41501188       4.96191788    
   1.99001753       4.99817371       4.58139181    
   2.00001764       5.08998871       4.66195393    
   2.01001763       5.24685478       4.83028412    
   2.02001762       5.14844894       4.74764538    
   2.03001761       5.01620960       4.63727713    
   2.04001760       4.92804861       4.56910706    
   2.05001760       4.95223236       4.53350401    
   2.06001759       4.88170576       4.46927738    
   2.07001758       4.82674313       4.44469452    
   2.08001757       4.85997248       4.47819376    
   2.09001756       4.95077515       4.54937315    
   2.10001755       4.97698212       4.55058193    
   2.11001754       4.94589043       4.52379513    
   2.12001753       4.84651423       4.46169806    
   2.13001752       4.90215015       4.50130892    
   2.14001751       4.84969568       4.45567465    
   2.15001750       4.67248392       4.32032537    
   2.16001749       4.70758772       4.33635950    
   2.17001748       4.64134693       4.29732990    
   2.18001747       4.57964420       4.22394228    
   2.19001746       4.57503271       4.18688297    
   2.20001745       4.50028372       4.09356260    
   2.21001744       4.47567654       4.08561897    
   2.22001743       4.44518518       4.09764099    
   2.23001742       4.35209274       3.99921179    
   2.24001741       4.32967901       3.99615526    
   2.25001740       4.28446054       3.93343806    
   2.26001740       4.17218256       3.82376075    
   2.27001739       4.16704464       3.86584020    
   2.28001738       4.17182016       3.86586142    
   2.29001737       4.12481546       3.82196975    
   2.30001736       4.16113615       3.85235381    
   2.31001735       4.01096439       3.70805168    
   2.32001734       4.04529762       3.74709654    
   2.33001733       4.10827255       3.80889201    
   2.34001732       3.97392821       3.70873642    
   2.35001731       4.01045322       3.72569132    
   2.36001730       4.14488602       3.82862258    
   2.37001729       4.09897280       3.80928206    
   2.38001728       3.87682986       3.59747887    
   2.39001727       3.83653450       3.56494594    
   2.40001726       3.89243484       3.66141891    
   2.41001725       3.73143482       3.50447202    
   2.42001724       3.71596789       3.46445179    
   2.43001723       3.75548077       3.50031328    
   2.44001722       3.76679754       3.49774122    
   2.45001721       3.80140901       3.52237463    
   2.46001720       3.67913318       3.38235188    
   2.47001719       3.76352024       3.45928717    
   2.48001719       3.82353282       3.55434394    
   2.49001718       3.71799421       3.47595716    
   2.50001717       3.71728468       3.47864532    
   2.51001716       3.69571114       3.45019865    
   2.52001715       3.63899183       3.37555695    
   2.53001714       3.58271217       3.32763481    
   2.54001713       3.48676181       3.25705194    
   2.55001712       3.47869062       3.25637650    
   2.56001711       3.49906707       3.27810764    
   2.57001710       3.42116094       3.20204258    
   2.58001709       3.49160528       3.26632667    
   2.59001708       3.47689128       3.22332239    
   2.60001707       3.35476565       3.10552168    
   2.61001706       3.31816983       3.09715915    
   2.62001705       3.27735233       3.06420255    
   2.63001704       3.29620314       3.07617998    
   2.64001703       3.34559155       3.11206889    
   2.65001702       3.31792331       3.07522488    
   2.66001701       3.21727920       2.98783255    
   2.67001700       3.17195463       2.95977640    
   2.68001699       3.21157765       3.01795816    
   2.69001698       3.15651226       2.96977043    
   2.70001698       3.11970329       2.93053842    
   2.71001697       3.11860609       2.93171310    
   2.72001696       3.09137321       2.88788891    
   2.73001695       3.10722232       2.89822841    
   2.74001694       2.99381948       2.83334804    
   2.75001693       2.98705006       2.83181429    
   2.76001692       3.10378027       2.93119121    
   2.77001691       3.07735586       2.90077233    
   2.78001690       2.93237329       2.74396062    
   2.79001689       2.95109200       2.76877832    
   2.80001688       2.96055675       2.78606272    
   2.81001687       2.96581936       2.80069041    
   2.82001686       3.01943278       2.88574028    
   2.83001685       2.97646379       2.82851458    
   2.84001684       2.89873886       2.73341393    
   2.85001683       2.95468760       2.77357697    
   2.86001682       2.96269011       2.78618789    
   2.87001681       2.80004358       2.63586831    
   2.88001680       2.82639766       2.65594602    
   2.89001679       2.82574606       2.68174291    
   2.90001678       2.76410532       2.62623620    
   2.91001678       2.69237781       2.54450417    
   2.92001677       2.65472150       2.51843095    
   2.93001676       2.69727635       2.54507399    
   2.94001675       2.72778344       2.55997586    
   2.95001674       2.68513966       2.51447964    
   2.96001673       2.62933922       2.46582842    
   2.97001672       2.58528495       2.44736052    
   2.98001671       2.54915929       2.44056344    
   2.99001670       2.68982720       2.55927920    
   3.00001669       2.71564746       2.56924939    
   3.01001668       2.64499664       2.50641465    
   3.02001667       2.60412931       2.47308517    
   3.03001666       2.46203899       2.34774232    
   3.04001665       2.44963932       2.30301237    
   3.05001664       2.49406981       2.33211732    
   3.06001663       2.45428157       2.33464789    
   3.07001662       2.42485261       2.32572627    
   3.08001661       2.42141199       2.30236506    
   3.09001660       2.54243469       2.40350652    
   3.10001659       2.60010958       2.46890688    
   3.11001658       2.53823066       2.41205597    
   3.12001657       2.46767688       2.34305978    
   3.13001657       2.32653546       2.21493578    
   3.14001656       2.28770924       2.18949938    
   3.15001655       2.33184075       2.23306370    
   3.16001654       2.29548025       2.20758510    
   3.17001653       2.30766249       2.21567726    
   3.18001652       2.39929509       2.29991484    
   3.19001651       2.45302105       2.34830785    
   3.20001650       2.27191210       2.17017770    
   3.21001649       2.24452710       2.14173722    
   3.22001648       2.29646873       2.20946097    
   3.23001647       2.29826760       2.20004272    
   3.24001646       2.39193034       2.22233748    
   3.25001645       2.37988830       2.19816303    
   3.26001644       2.28489423       2.19633985    
   3.27001643       2.12885380       2.05939364    
   3.28001642       2.16488743       2.07071352    
   3.29001641       2.33895350       2.24283361    
   3.30001640       2.13853931       2.08875895    
   3.31001639       2.01982951       1.96734393    
   3.32001638       2.07040572       1.98934019    
   3.33001637       2.09816098       2.01340222    
   3.34001637       2.20753789       2.11527157    
   3.35001636       2.30670142       2.19956589    
   3.36001635       2.21972013       2.12058187    
   3.37001634       2.23165226       2.10063243    
   3.38001633       2.17782927       2.04470944    
   3.39001632       2.03615642       1.95431697    
   3.40001631       2.02591300       1.95655608    
   3.41001630       2.03255892       1.95407259    
   3.42001629       2.09316659       2.00396204    
   3.43001628       2.14351273       2.06364202    
   3.44001627       2.10550833       2.03343606    
   3.45001626       2.13098812       2.06911206    
   3.46001625       2.32050610       2.23014092    
   3.47001624       2.32175708       2.22308350    
   3.48001623       2.20786357       2.12575364    
   3.49001622       2.19250703       2.10493231    
   3.50001621       2.01693726       1.95022929    
   3.51001620       1.97954321       1.90938473    
   3.52001619       2.15634108       2.09391761    
   3.53001618       2.32500648       2.25131035    
   3.54001617       2.00751686       1.91337669    
   3.55001616       1.88205075       1.80539465    
   3.56001616       2.06189728       1.93656838    
   3.57001615       2.01615334       1.91964507    
   3.58001614       1.81441104       1.75812745    
   3.59001613       1.92292440       1.82407832    
   3.60001612       1.96029615       1.86770570    
   3.61001611       1.82455587       1.75117743    
   3.62001610       1.84919107       1.78847969    
   3.63001609       1.90918732       1.87379229    
   3.64001608       1.83403265       1.80050480    
   3.65001607       2.00861549       1.93059409    
   3.66001606       1.94499218       1.86647081    
   3.67001605       1.79872620       1.74705017    
   3.68001604       1.69552362       1.64967930    
   3.69001603       1.73085248       1.67565858    
   3.70001602       1.76314235       1.71433592    
   3.71001601       1.81091714       1.77047288    
   3.72001600       2.00440621       1.97110987    
   3.73001599       2.02869964       1.93524230    
   3.74001598       2.07350230       1.96873331    
   3.75001597       2.05585623       2.04079294    
   3.76001596       1.92978585       1.88968825    
   3.77001595       1.89152074       1.84263611    
   3.78001595       2.40212774       2.40212774    
   3.79001594       1.58019936       1.58010745    
   3.80001593       1.48393261       1.48002899    
   3.81001592       1.40435183       1.40256822    
   3.82001591       1.67843270       1.61936235    
   3.83001590       2.07372117       2.01522303    
   3.84001589       2.02043986       1.96124148    
   3.85001588       1.89841318       1.77932274    
   3.86001587       1.98801053       1.89715397    
   3.87001586       1.81309760       1.76981246    
   3.88001585       1.57031512       1.55097115    
   3.89001584       1.73046911       1.66791403    
   3.90001583       1.70051479       1.62774122    
   3.91001582       1.60718155       1.58016407    
   3.92001581       1.72573912       1.70341885    
   3.93001580       1.75979328       1.71139932    
   3.94001579       1.79671693       1.74602664    
   3.95001578       1.51690805       1.50539196    
   3.96001577       1.88449347       1.77245927    
   3.97001576       1.92546499       1.81197488    
   3.98001575       1.45965171       1.44936407    
   3.99001575       1.65717375       1.59993672    
   4.00001574       1.71995425       1.64945912    
   4.01001596       1.51025796       1.48522866    
   4.02001619       1.60196924       1.57852340    
   4.03001642       1.62732542       1.59776270    
   4.04001665       1.47961617       1.45756602    
   4.05001688       1.40289319       1.38702321    
   4.06001711       1.99752033       1.99752033    
   4.07001734       1.69477594       1.66751647    
   4.08001757       1.39203155       1.39203155    
   4.09001780       1.32224429       1.32224429    
   4.10001802       1.32224429       1.32224429    
   4.11001825       1.50360656       1.50360656    
   4.12001848       1.50360656       1.50360656    
   4.14001894       1.40680635       1.40309429    
   4.15001917       1.53028774       1.51812470    
   4.16001940       1.77725065       1.77725065    
   4.17001963       1.31395221       1.31027806    
   4.18001986       1.33860910       1.33566463    
   4.19002008       1.40637195       1.40625095    
   4.20002031       1.44451737       1.42984736    
   4.21002054       1.44944131       1.43110669    
   4.23002100       1.64429760       1.64429760    
   4.24002123       1.99665058       1.96531451    
   4.25002146       2.34900355       2.34900355    
   4.28002214       1.36095846       1.36095846    
   4.29002237       1.34347415       1.34336042    
   4.30002260       1.32598984       1.32598984    
   4.33002329       1.17046964       1.17046964    
   4.34002352       1.17046964       1.17046964    
   4.37002420       2.19943142       2.19943142    
   4.38002443       1.71339917       1.64301825    
   4.39002466       1.22736681       1.22736681    
   4.40002489       1.35740316       1.35740316    
   4.41002512       1.35740316       1.35740316    
   4.45002604       1.18858016       1.18858016    
   4.46002626       1.80690193       1.69781411    
   4.47002649       2.42522359       2.42522359    
   4.52002764       1.35107207       1.35107207    
   4.53002787       1.35107207       1.35107207    
   4.58002901       1.21039176       1.21039176    
   4.59002924       1.21039176       1.21039176    
   4.64003038       1.39765167       1.39765167    
   4.65003061       1.39765167       1.39765167    
   4.88003588       1.84500146       1.84500146    
   4.89003611       1.84500146       1.84500146    
   4.98003817       1.21307409       1.21307409    
   4.99003839       1.21307409       1.21307409    
